12.985 53.7549 -53.5332 -29.1401 137 -14.3 60
13.4862 53.7549 -53.5332 -29.1401 133.4 -14.6 60
13.9858 53.7549 -53.5332 -29.1401 125.8 -14.4 60
14.4869 53.7549 -53.5332 -29.1401 116.3 -13.5 60
14.9873 53.7549 -53.5332 -29.1401 108.6 -10.7 60
15.485 53.7549 -53.5332 -29.1401 100.4 -5.49997 60
15.9849 53.7549 -53.5332 -29.1401 90.6002 -3.09997 60
16.4872 53.7549 -53.5332 -29.1401 82.2002 -2.59998 60
16.9859 53.7549 -53.5332 -29.1401 78.2002 -2.59998 60
17.4862 53.7549 -53.5332 -29.1401 80.1002 -8.89997 60
17.9849 53.7549 -53.5332 -29.1401 99.1002 -11 60
18.4856 53.7549 -53.5332 -29.1401 106.3 -12.2 60
18.9854 53.7549 -53.5332 -29.1401 119 -14.2 60
19.4868 53.7549 -53.5332 -29.1401 133.5 -16.1 60
19.988 53.7549 -53.5332 -29.1401 146.6 -17 60
20.4893 53.7549 -53.5332 -29.1401 164.3 -17.5 60
20.985 53.7549 -53.5332 -29.1401 176.6 -15 60
21.4923 53.7549 -53.5332 -29.1401 181.8 -6.69999 60
21.9879 53.7549 -53.5332 -29.1401 172.5 -1.49999 60
22.485 53.7549 -53.5332 -29.1401 160.6 -0.999987 60
22.9873 53.7549 -53.5332 -29.1401 149.4 1.60001 60
23.4861 53.7549 -53.5332 -29.1401 144.6 -1.19999 60
23.985 53.7549 -53.5332 -29.1401 140 -8.09999 60
24.4873 52.9324 -53.7025 -28.4097 138.2 -8.69999 60
24.9851 49.8023 -54.3719 -25.5149 136.5 -9.79999 60
25.485 46.7984 -55.1686 -22.6362 136.1 -12.6 60
25.9862 43.8455 -56.1307 -19.7846 136 -14.3 60
26.4889 40.9064 -57.3347 -16.9864 136.6 -17.6 60
26.9891 37.9657 -58.7073 -14.2172 137 -20.4 60
27.4874 35.0767 -60.3055 -11.5641 137.6 -22.8 60
27.9852 32.2075 -62.0316 -8.95638 138 -25.7 60
28.4861 29.3809 -63.9284 -6.41135 138 -26.6 60
28.985 26.5453 -65.8514 -3.85819 138 -26.8 60
29.4862 23.7572 -67.79 -1.34042 137.8 -27.8 60
29.9855 21.0204 -69.8253 1.19932 136.3 -29.8 60
30.485 18.3016 -71.9441 3.75607 137 -29.5 60
30.9883 15.6709 -74.0289 6.29972 134.9 -29.7 60
31.4852 13.0103 -75.9706 9.00899 134.5 -25.4 60
31.9851 10.6504 -77.5035 11.3894 134.8 -23.6 60
32.4851 10.008 -77.8607 12.0535 134 -21 60
32.9861 7.22631 -79.1473 15.0039 133.1 -15.6 60
33.4894 4.99125 -79.9768 17.4534 129.7 -8.99999 60
33.9857 4.99125 -79.9768 17.4534 111.2 1.20001 60
34.4851 4.99125 -79.9768 17.4534 84.5997 2.70001 60
34.9895 3.05296 -79.9768 18.1684 67.3997 -2.19999 60
35.488 1.21321 -79.9566 19.9915 38.0997 2.30001 60
35.9851 3.46682 -79.8375 21.4681 21.7997 2.80001 60
36.4854 3.46682 -79.8375 21.4681 13.0997 2.20001 60
36.9851 3.46682 -79.8375 21.4681 8.2997 3.20001 60
37.4856 3.46682 -79.8375 21.4681 6.1997 2.70001 60
37.9866 3.46682 -79.8375 21.4681 7.2997 -11.9 60
38.4851 3.46682 -79.8375 21.4681 13.3997 -26.3 60
38.9857 2.39305 -79.2152 21.2795 8.6997 -32.1 60
39.4879 -1.06184 -76.8263 20.6993 13.4997 -35.7 60
39.9852 -0.745766 -76.2174 17.7342 26.1997 -34.6 60
40.487 0.55007 -76.2174 15.9181 64.2997 -27.3 60
40.9881 0.55007 -76.2174 15.9181 69.9997 -26.4 60
41.4853 0.55007 -76.2174 15.9181 83.9997 -25.2 60
41.988 0.55007 -76.2174 15.9181 88.6997 -24.5 60
42.4874 0.559647 -77.7212 19.2548 93.8997 -23.7 60
42.9866 0.548214 -77.7835 19.3969 105.8 -18.5 60
43.4855 0.548214 -77.7835 19.3969 117.4 -19.7 60
43.9852 1.17083 -77.3065 18.2631 118.9 -20.3 60
44.4871 5.1981 -75.7882 16.1956 130.3 -21.4 60
44.9863 7.71671 -75.1739 16.4074 136.2 -12 60
45.4888 7.71671 -75.1739 16.4074 136.9 -2.39999 60
45.9894 7.71671 -75.1739 16.4074 136.7 3.10001 60
46.488 7.71671 -75.1739 16.4074 136 3.10001 60
46.9864 7.71671 -75.1739 16.4074 129.2 -19.2 60
47.4854 7.71671 -75.1739 16.4074 135.9 -37.3 60
47.9852 7.71671 -75.1739 16.4074 141.6 -43 60
48.4852 7.71671 -75.1739 16.4074 148.9 -43.7 60
48.9854 7.71671 -75.1739 16.4074 154.5 -39.5 60
49.4855 7.71671 -75.1739 16.4074 154.6 -39.3 60
49.9854 8.69496 -75.1739 18.4873 155.3 -39.3 60
50.4854 9.72074 -75.1739 22.2477 182.7 -41.4 60
50.9853 9.72074 -75.1739 22.2477 186.4 -41.6 60
51.4862 9.72074 -75.1739 22.2477 191.5 -37.4 60
51.989 9.72074 -75.1739 22.2477 197.1 -33.3 60
52.4853 9.72074 -75.1739 22.2477 196.7 -30 60
52.9891 9.72074 -75.1739 22.2477 195.7 -27.3 60
53.4881 9.72074 -75.1739 22.2477 194 -24.6 60
53.9859 9.72074 -75.1739 22.2477 191.4 -26 60
54.4903 9.72074 -75.1739 22.2477 191.8 -29.1 60
54.9854 8.89903 -75.6585 22.076 191.7 -30.1 60
55.4854 7.33887 -76.6659 21.7798 189.6 -34.6 60
55.9869 4.77824 -78.6687 22.7966 178.299 -38.9 60
56.4854 4.89545 -78.6687 24.7775 175.099 -39.7 60
56.9866 2.43333 -80.5907 25.0862 171.399 -35 60
57.4856 1.01158 -81.5083 25.4557 147.099 -18 60
57.9855 1.01158 -81.5083 25.4557 140.499 -12.2 60
58.4871 -0.665396 -81.9023 26.9563 137.699 -8.79998 60
58.9879 -1.36146 -82.0207 27.5897 139.799 0.400022 60
59.4854 -1.36146 -82.0207 27.5897 171.099 -0.599978 60
59.9887 -1.36146 -82.0207 27.5897 185.499 -2.79998 60
60.4884 -4.57703 -82.1743 27.0823 193.499 -2.59998 60
60.9854 -7.23708 -82.3137 26.4242 196.899 -8.69998 60
61.4908 -7.23708 -82.3137 26.4242 200.399 -10.6 60
61.9855 -7.23708 -82.3137 26.4242 206.2 -11.9 60
62.4867 -7.23708 -82.3137 26.4242 209.4 -12.5 60
62.9854 -7.23708 -82.3137 26.4242 221.4 -15.7 60
63.4884 -7.23708 -82.3137 26.4242 237.2 -16.2 60
63.9865 -7.23708 -82.3137 26.4242 246.9 -11.4 60
64.4897 -7.23708 -82.3137 26.4242 250.6 -6.79999 60
64.9862 -7.65807 -82.3137 25.2288 250.9 -7.39999 60
65.4859 -8.07302 -82.3137 24.0305 252.4 -10.7 60
65.9855 -8.07302 -82.3137 24.0305 266.1 -13.9 60
66.4893 -8.07302 -82.3137 24.0305 271.4 -19.6 60
66.9887 -8.07302 -82.3137 24.0305 304.7 -21.6 60
67.4871 -8.07302 -82.3137 24.0305 310.4 -11.2 60
67.9897 -8.07302 -82.3137 24.0305 310.8 -8.39998 60
68.4881 -8.07302 -82.3137 24.0305 308.9 -8.19998 60
68.9875 -8.07302 -82.3137 24.0305 308.1 0.500024 60
69.4862 -8.07302 -82.3137 24.0305 306.9 2.30002 60
69.9868 -8.07302 -82.3137 24.0305 306.1 2.50002 60
70.4856 -8.07302 -82.3137 24.0305 307.4 3.90002 60
70.9855 -5.97609 -82.0662 21.5596 308.1 4.20002 60
71.4905 -5.21346 -81.9943 20.0502 295 2.50002 60
71.9855 -4.08708 -82.1148 15.9631 281.5 -5.39998 60
72.4857 -3.70062 -82.3137 11.8416 270.6 -12.7 60
72.9885 -3.11945 -82.1806 7.62375 282.2 6.70003 60
73.4897 -2.32804 -81.1319 3.65441 279.1 21.9 60
73.9866 -1.84231 -79.3204 -0.153664 276.2 26.7 60
74.4879 -1.46896 -77.3761 -3.91377 275.6 27.3 60
74.986 -1.34 -76.7102 -5.20538 316.2 19.4 60
75.4886 -1.34 -76.7102 -5.20538 423.2 -26.5 60
75.9872 -1.34 -76.7102 -5.20538 444.1 -33.2 60
76.4856 -1.18621 -75.9249 -8.074 454.6 -14.5 60
76.9857 3.50249 -73.6863 -11.5888 462.3 -9.09996 60
77.4856 7.18168 -72.7688 -15.0779 462.3 -1.99996 60
77.9856 8.08649 -72.6279 -19.2278 462.3 -1.89996 60
78.4856 8.1168 -72.6232 -19.3668 455 -22.4 60
78.9888 8.1168 -72.6232 -19.3668 455.299 -30.7 60
79.4882 8.14688 -72.6664 -19.0343 444.699 -7.19996 60
79.9874 8.81766 -72.902 -14.9099 437.399 -4.79996 60
80.4874 11.1059 -72.902 -12.3253 452.799 -9.79997 60
80.9883 15.2169 -72.1176 -11.312 468.799 -11.5 60
81.4858 19.0004 -71.5077 -12.7122 469.099 -15.6 60
81.9856 20.2446 -70.0663 -16.5129 467.599 -22.1 60
82.4953 21.5488 -68.5514 -20.2867 469.999 -18.1 60
82.9881 22.9766 -67.4263 -24.0931 471.3 -12.2 60
83.4913 24.5121 -66.7605 -28.0203 471.3 -7.39996 60
83.9867 26.045 -66.2229 -31.925 472.7 -6.09997 60
84.4868 27.7265 -66.0713 -35.8326 473.5 -0.0999655 60
84.9857 29.4272 -66.1066 -39.7568 473.3 1.70003 60
85.4868 31.0742 -66.3394 -43.6551 472.7 4.00003 60
85.986 32.6977 -66.6534 -47.5515 472.4 4.50003 60
86.4871 34.2963 -66.9903 -51.4585 472.2 4.60003 60
86.9871 34.4575 -67.0247 -51.8536 469.599 7.80003 60
87.4904 34.4575 -67.0247 -51.8536 461.399 8.00003 60
87.9857 34.4575 -67.0247 -51.8536 453.399 6.50003 60
88.4878 34.4575 -67.0247 -51.8536 446.299 4.80004 60
88.9874 34.4575 -67.0247 -51.8536 437.899 -0.499964 60
89.4857 34.4575 -67.0247 -51.8536 426.999 -6.39996 60
89.987 34.4575 -67.0247 -51.8536 457.099 -11.5 60
90.4893 34.4575 -67.0247 -51.8536 494.599 -7.29996 60
90.9875 34.4575 -67.0247 -51.8536 478.299 10.7 60
91.4902 33.0996 -66.4642 -48.9779 474.999 9.90004 60
91.9875 31.3687 -65.7794 -45.1449 473.599 8.70003 60
92.4881 29.6879 -65.1362 -41.2797 473.499 8.60003 60
92.9859 28.0187 -64.5458 -37.4259 473.099 6.70003 60
93.4864 26.401 -64.1735 -33.5178 471.999 3.10003 60
93.9878 24.8151 -64.0711 -29.5536 471.599 -0.699966 60
94.4897 23.2737 -64.257 -25.6242 471.199 -4.49997 60
94.9857 21.7322 -64.6593 -21.6344 470.799 -7.49996 60
95.4868 20.2519 -65.2891 -17.7156 470.599 -9.39997 60
95.9858 20.0174 -65.3994 -17.0919 470.599 -9.39997 60
